make -s _run5 _mainNo=5 \
    _nn=10  _ss=0  _mm=4  _vv=0  _tt=4
Executing rev/MyRev with args: 1000 0 4 0 4
 ------- | ----------------------- | -----------------------
         | (average time in msecs) |      (timing ratios)   
 ------- | ----------------------- | -----------------------
   n     |  Recur   Iter    Iter2  | Recur    Iter    Iter2
 ======= | ======= ======= ======= | ======= ======= =======
   1000  |  0.234   0.086   0.222  |  2.712   1.000    2.577
   1200  |  0.096   0.094   0.243  |  1.017   1.000    2.584
   1400  |  0.040   0.109   0.282  |  1.000   2.742    7.112
   1600  |  0.038   0.124   0.323  |  1.000   3.233    8.440
   1800  |  0.045   0.140   0.364  |  1.000   3.102    8.066
   2000  |  0.049   0.158   0.403  |  1.000   3.225    8.231
   2200  |  0.054   0.173   0.481  |  1.000   3.190    8.879
   2400  |  0.058   0.184   0.483  |  1.000   3.153    8.278
   2600  |  0.076   0.273   0.632  |  1.000   3.583    8.288
   2800  |  0.069   0.215   0.582  |  1.000   3.099    8.375
   3000  |  0.074   0.232   0.632  |  1.000   3.122    8.498
   3200  |  0.081   0.252   0.371  |  1.000   3.127    4.600
   3400  |  0.086   0.083   0.222  |  1.029   1.000    2.665
   3600  |  0.097   0.040   0.234  |  2.424   1.000    5.848
   3800  |  0.095   0.040   0.261  |  2.365   1.000    6.469
   4000  |  0.104   0.053   0.268  |  1.966   1.000    5.082
   4200  |  0.108   0.045   0.274  |  2.427   1.000    6.147
   4400  |  0.113   0.153   0.345  |  1.000   1.356    3.062
   4600  |  0.118   0.033   0.426  |  3.572   1.000    12.892
   4800  |  0.133   0.034   0.363  |  3.857   1.000    10.563
