make -s _run5 _mainNo=5 \
    _nn=10  _ss=0  _mm=4  _vv=0  _tt=4
Executing rev/MyRev with args: 100 0 4 0 4
 ------- | ----------------------- | -----------------------
         | (average time in msecs) |      (timing ratios)   
 ------- | ----------------------- | -----------------------
   n     |  Recur   Iter    Iter2  | Recur    Iter    Iter2
 ======= | ======= ======= ======= | ======= ======= =======
    100  |  0.027   0.013   0.027  |  2.080   1.000    2.068
    300  |  0.025   0.026   0.065  |  1.000   1.066    2.599
    500  |  0.039   0.040   0.103  |  1.000   1.011    2.614
    700  |  0.052   0.056   0.143  |  1.000   1.065    2.722
    900  |  0.082   0.072   0.201  |  1.141   1.000    2.809
   1100  |  0.077   0.085   0.222  |  1.000   1.104    2.877
   1300  |  0.039   0.101   0.264  |  1.000   2.610    6.842
   1500  |  0.035   0.116   0.303  |  1.000   3.287    8.587
   1700  |  0.040   0.142   0.343  |  1.000   3.552    8.593
   1900  |  0.081   0.150   0.384  |  1.000   1.858    4.764
   2100  |  0.050   0.163   0.442  |  1.000   3.243    8.822
   2300  |  0.055   0.178   0.463  |  1.000   3.241    8.405
   2500  |  0.061   0.191   0.502  |  1.000   3.142    8.259
   2700  |  0.068   0.207   0.543  |  1.000   3.062    8.024
   2900  |  0.070   0.226   0.597  |  1.000   3.216    8.488
   3100  |  0.078   0.244   0.299  |  1.000   3.122    3.832
   3300  |  0.080   0.079   0.278  |  1.011   1.000    3.523
   3500  |  0.087   0.038   0.229  |  2.288   1.000    5.981
   3700  |  0.093   0.040   0.257  |  2.361   1.000    6.500
   3900  |  0.106   0.051   0.256  |  2.085   1.000    5.009
