make -s _run5 _mainNo=5 \
    _nn=10  _ss=0  _mm=4  _vv=0  _tt=4
Executing rev/MyRev with args: 10 0 4 0 4
 ------- | ----------------------- | -----------------------
         | (average time in msecs) |      (timing ratios)   
 ------- | ----------------------- | -----------------------
   n     |  Recur   Iter    Iter2  | Recur    Iter    Iter2
 ======= | ======= ======= ======= | ======= ======= =======
     10  |  0.007   0.006   0.009  |  1.250   1.000    1.475
    210  |  0.045   0.017   0.046  |  2.667   1.000    2.737
    410  |  0.039   0.044   0.093  |  1.000   1.137    2.397
    610  |  0.049   0.049   0.131  |  1.000   1.009    2.688
    810  |  0.073   0.063   0.165  |  1.151   1.000    2.618
   1010  |  0.072   0.081   0.206  |  1.000   1.122    2.852
   1210  |  0.035   0.094   0.247  |  1.000   2.728    7.151
   1410  |  0.033   0.109   0.341  |  1.000   3.263    10.237
   1610  |  0.047   0.181   0.596  |  1.000   3.824    12.594
   1810  |  0.044   0.140   0.367  |  1.000   3.158    8.296
   2010  |  0.049   0.157   0.407  |  1.000   3.220    8.338
   2210  |  0.054   0.170   0.447  |  1.000   3.137    8.236
   2410  |  0.060   0.196   0.503  |  1.000   3.282    8.434
   2610  |  0.070   0.207   0.528  |  1.000   2.943    7.517
   2810  |  0.070   0.214   0.604  |  1.000   3.068    8.643
   3010  |  0.076   0.237   0.290  |  1.000   3.099    3.803
   3210  |  0.083   0.149   0.343  |  1.000   1.802    4.146
   3410  |  0.101   0.095   0.394  |  1.066   1.000    4.164
   3610  |  0.115   0.101   0.439  |  1.135   1.000    4.340
   3810  |  0.105   0.079   0.450  |  1.325   1.000    5.692
