make -s _run5 _mainNo=5 \
    _nn=10  _ss=0  _mm=4  _vv=0  _tt=4 
Executing rev/Rev with args: 10 0 4 0 4
 ------- | ----------------------- | -----------------------
         | (average time in msecs) |      (timing ratios)   
 ------- | ----------------------- | -----------------------
   n     |  Recur   Iter    Iter2  | Recur    Iter    Iter2
 ======= | ======= ======= ======= | ======= ======= =======
     10  |  0.002   0.001   0.001  |  2.500   1.167    1.000
    210  |  0.024   0.010   0.008  |  2.853   1.162    1.000
    410  |  0.012   0.004   0.007  |  3.061   1.000    1.788
    610  |  0.013   0.008   0.008  |  1.651   1.000    1.048
    810  |  0.005   0.003   0.003  |  1.826   1.130    1.000
   1010  |  0.004   0.004   0.004  |  1.032   1.000    1.000
   1210  |  0.004   0.005   0.004  |  1.000   1.027    1.000
   1410  |  0.008   0.007   0.008  |  1.051   1.000    1.085
   1610  |  0.007   0.017   0.006  |  1.098   2.784    1.000
   1810  |  0.007   0.007   0.007  |  1.034   1.017    1.000
   2010  |  0.012   0.011   0.011  |  1.056   1.000    1.011
   2210  |  0.014   0.010   0.011  |  1.444   1.000    1.099
   2410  |  0.015   0.013   0.013  |  1.178   1.000    1.000
   2610  |  0.014   0.011   0.010  |  1.366   1.098    1.000
   2810  |  0.013   0.012   0.011  |  1.138   1.021    1.000
   3010  |  0.013   0.012   0.012  |  1.101   1.000    1.010
   3210  |  0.014   0.012   0.012  |  1.119   1.000    1.000
   3410  |  0.015   0.014   0.014  |  1.116   1.063    1.000
   3610  |  0.015   0.014   0.014  |  1.070   1.000    1.000
   3810  |  0.021   0.015   0.015  |  1.371   1.000    1.000
